0           0           0           0           0           0           0           3.66329     
0           0           0           0           0           0           0           87.9215     
0           0           0           0           0           0           0           0           
0           0           0           0           0           0           0           0           
0           0           0           0           0           0           0           0           
0           0           0           0           0           0           0           0           
0           0           0           0           0           0           0           0           
0           0           0           0           0           0           0           0           
0           0           0           0           0           0           0           0           
0           0           0           0           0           0           0           0           
0           0           0           0           0           0           -700        508.87      
0           0           0           0           0           0           -699.433    516.462     
0           0           0           0           0           0           513.597     0           
0           0           0           0           0           0           519.094     0           
0           0           0           0           0           0           516.717     0           
0           0           0           0           0           0           521.251     0           
0           0           0           0           0           0           516.812     0           
0           0           0           0           0           0           0           0           

0           0           0           0           0           0           0           0           
0           0           0           0           0           0           0           0           
0           0           0           0           0           0           0           0           
0           0           0           0           0           0           0           0           
0           0           0           0           0           0           0           0           
0           0           0           0           0           0           0           0           
0           0           0           0           0           0           0           0           
0           0           0           0           0           0           0           0           
0           0           0           0           0           0           0           0           
0           0           0           0           0           0           0           0           
0           0           0           0           0           0           -699.79     346.513     
0           0           0           0           0           0           467.532     0           
0           0           0           0           0           0           444.237     0           
0           0           0           0           0           0           473.327     0           
0           0           0           0           0           0           517.503     0           
0           0           0           0           0           0           515.271     0           
0           0           0           0           0           0           512.605     0           
0           0           0           0           0           0           0           0           

0           0           0           0           0           0           0           0           
0           0           0           0           0           0           0           0           
0           0           0           0           0           0           0           0           
0           0           0           0           0           0           0           0           
0           0           0           0           0           0           0           0           
0           0           0           0           0           0           0           0           
0           0           0           0           0           0           0           0           
0           0           0           0           0           0           0           0           
0           0           0           0           0           0           0           0           
0           0           0           0           0           0           0           0           
0           0           0           0           0           0           -699.727    5.43923     
0           0           0           0           0           0           -699.523    471.001     
0           0           0           0           0           0           429.594     0           
0           0           0           0           0           0           419.192     0           
0           0           0           0           0           0           506.964     0           
0           0           0           0           0           0           517.732     0           
0           0           0           0           0           0           512.068     0           
0           0           0           0           0           0           0           0           

0           0           0           0           0           0           0           0           
0           0           0           0           0           0           0           0           
0           0           0           0           0           0           0           0           
0           0           0           0           0           0           0           0           
0           0           0           0           0           0           0           0           
0           0           0           0           0           0           0           0           
0           0           0           0           0           0           0           0           
0           0           0           0           0           0           0           0           
0           0           0           0           0           0           0           0           
0           0           0           0           0           0           0           0           
0           0           0           0           0           0           -699.79     2.77617     
0           0           0           0           0           0           -699.484    250.127     
0           0           0           0           0           0           396.117     0           
0           0           0           0           0           0           489.333     0           
0           0           0           0           0           0           510.587     0           
0           0           0           0           0           0           521.497     0           
0           0           0           0           0           0           513.113     0           
0           0           0           0           0           0           0           0           

0           0           0           0           0           0           0           0           
0           0           0           0           0           0           0           0           
0           0           0           0           0           0           0           0           
0           0           0           0           0           0           0           0           
0           0           0           0           0           0           0           0           
0           0           0           0           0           0           0           0           
0           0           0           0           0           0           0           0           
0           0           0           0           0           0           0           0           
0           0           0           0           0           0           0           0           
0           0           0           0           0           0           0           0           
0           0           0           0           0           0           -699.664    164.285     
0           0           0           0           0           0           -697.632    475.35      
0           0           0           0           0           0           476.328     0           
0           0           0           0           0           0           514.988     0           
0           0           0           0           0           0           506.08      0           
0           0           0           0           0           0           522.569     0           
0           0           0           0           0           0           514.683     0           
0           0           0           0           0           0           0           0           

0           0           0           0           0           0           0           0           
0           0           0           0           0           0           0           0           
0           0           0           0           0           0           0           0           
0           0           0           0           0           0           0           0           
0           0           0           0           0           0           0           0           
0           0           0           0           0           0           0           0           
0           0           0           0           0           0           0           0           
0           0           0           0           0           0           0           0           
0           0           0           0           0           0           0           0           
0           0           0           0           0           0           -700        138.408     
0           0           0           0           0           0           -699.37     384.415     
0           0           0           0           0           0           -683.712    510.475     
0           0           0           0           0           0           513.213     0           
0           0           0           0           0           0           527.528     0           
0           0           0           0           0           0           525.737     0           
0           0           0           0           0           0           517.816     0           
0           0           0           0           0           0           524.567     0           
0           0           0           0           0           0           0           0           

0           0           0           0           0           0           0           0           
0           0           0           0           0           0           -700        -700        
0           0           0           0           0           0           -910        -903.63     
0           0           0           0           0           0           -999.271    -997.57     
0           0           0           0           0           0           -991.9      -991.9      
0           0           0           0           0           0           -991.9      -991.9      
0           0           0           0           0           0           -299.614    -991.9      
0           0           0           0           0           0           -999.934    -999.934    
0           0           0           0           0           0           -991.9      193.961     
0           0           0           0           0           0           -699.79     443.576     
0           0           0           0           0           0           -693.858    503.086     
0           0           0           0           0           0           -622.969    518.77      
0           0           0           0           0           0           525.621     0           
0           0           0           0           0           0           524.603     0           
0           0           0           0           0           0           521.773     0           
0           0           0           0           0           0           524.804     0           
0           0           0           0           0           0           522.867     0           
0           0           0           0           0           0           0           0           

0           0           0           -340.888    0           0           0           0           
0           0           0           2.85838     0           0           -827.024    -665.676    
0           0           0           1.057       0           0           -805.045    -827.19     
0           0           0           0           0           0           -889.34     -833.405    
0           0           0           0           0           0           -884.431    -373.492    
0           0           0           0           0           0           -984.595    -427.498    
0           0           0           0           0           0           -915.132    110.208     
0           0           0           0           0           0           -824.061    430.698     
0           0           0           0           0           0           -144.075    519.832     
0           0           0           0           0           0           -488.282    523.951     
0           0           0           0           0           0           -460.04     525.039     
0           0           0           0           0           0           -53.9166    525.521     
0           0           0           0           0           0           525.422     0           
0           0           0           0           0           0           526.466     0           
0           0           0           0           0           0           522.578     0           
0           0           0           0           0           0           524.776     0           
0           0           0           0           0           0           524.166     0           
0           0           0           0           0           0           0           0           

0           0           0           0           0           0           0           -553.464    
0           0           0           -365.388    0           0           -747.491    -730.388    
0           0           0           0           0           0           -525.366    -398.214    
0           0           0           0           0           0           -796.401    -828.142    
0           0           0           0           0           0           -899.154    -345.274    
0           0           0           0           0           0           -665.368    -76.1623    
0           0           0           0           0           0           -675.148    496.649     
0           0           0           0           0           0           -123.177    519.917     
0           0           0           0           0           0           -333.547    527.09      
0           0           0           0           0           0           523.99      0           
0           0           0           0           0           0           525.236     0           
0           0           0           0           0           0           524.031     0           
0           0           0           0           0           0           525.179     0           
0           0           0           0           0           0           523.441     0           
0           0           0           0           0           0           508.659     0           
0           0           0           0           0           0           525.113     0           
0           0           0           0           0           0           518.854     0           
0           0           0           0           0           0           0.7         0           

0           0           0           0           0           0           0           -357.774    
0           0           0           0           0           0           -617.402    -710.849    
0           0           0           0           0           0           -626.064    -702.721    
0           0           0           0           0           0           -157.649    -528.827    
0           0           0           0           0           0           -421.68     245.15      
0           0           0           0           0           0           -236.829    456.267     
0           0           0           0           0           0           -94.4272    525.391     
0           0           0           0           0           0           -4.51793    524.151     
0           0           0           0           0           0           523.095     0           
0           0           0           0           0           0           525.658     0           
0           0           0           0           0           0           525.987     0           
0           0           0           0           0           0           524.51      0           
0           0           0           0           0           0           522.418     0           
0           0           0           0           0           0           518.35      0           
0           0           0           0           0           0           524.586     0           
0           0           0           0           0           0           519.463     0           
0           0           0           0           0           0           496.087     0           
0           0           0           0           0           0           266.042     0           

0           0           0           0           0           0           0           -117.154    
0           0           0           1.6359      0           0           -169.397    -483.992    
0           0           0           0           0           0           -490.587    65.492      
0           0           0           16.7624     0           0           -41.9828    515.405     
0           0           0           0           0           0           -147.587    525.417     
0           0           0           0           0           0           -81.3009    524.815     
0           0           0           0           0           0           -125.764    524.835     
0           0           0           0           0           0           -76.6543    525.466     
0           0           0           0           0           0           526.916     0           
0           0           0           0           0           0           525.69      0           
0           0           0           0           0           0           525.047     0           
0           0           0           0           0           0           521.772     0           
0           0           0           0           0           0           525.319     0           
0           0           0           0           0           0           526.366     0           
0           0           0           0           0           0           515.931     0           
0           0           0           0           0           0           498.659     0           
0           0           0           0           0           0           502.133     0           
0           0           0           0           0           0           348.689     0           

0           0           0           2.26161     0           0           0           -394.936    
0           0           0           0           0           0           -224.705    493.877     
0           0           0           249.696     0           0           -30.0278    514.77      
0           0           0           234.972     0           0           -9.7984     523.315     
0           0           0           0           0           0           -118.377    524.577     
0           0           0           0           0           0           -8.80588    525.086     
0           0           0           0           0           0           526.876     0           
0           0           0           0           0           0           525.118     0           
0           0           0           0           0           0           527.575     0           
0           0           0           0           0           0           526.394     0           
0           0           0           0           0           0           525.916     0           
0           0           0           0           0           0           519.891     0           
0           0           0           0           0           0           523.167     0           
0           0           0           0           0           0           514.847     0           
0           0           0           0           0           0           519.976     0           
0           0           0           0           0           0           477.194     0           
0           0           0           0           0           0           465.534     0           
0           0           0           0           0           0           360.214     0           

0           0           0           375.723     0           0           0           427.056     
0           0           0           486.988     0           0           -118.398    529.844     
0           0           0           445.872     0           0           -15.4245    528.846     
0           0           0           260.507     0           0           -128.668    526.644     
0           0           0           0           0           0           527.138     0           
0           0           0           0           0           0           529.003     0           
0           0           0           0           0           0           525.003     0           
0           0           0           0           0           0           527.787     0           
0           0           0           0           0           0           528.338     0           
0           0           0           0           0           0           530.468     0           
0           0           0           0           0           0           526.59      0           
0           0           0           0           0           0           522.153     0           
0           0           0           0           0           0           514.714     0           
0           0           0           0           0           0           514.259     0           
0           0           0           0           0           0           506.334     0           
0           0           0           0           0           0           395.95      0           
0           0           0           0           0           0           464.599     0           
0           0           0           0           0           0           431.645     0           

0           0           0           416.379     0           0           0           530.854     
0           0           0           480.1       0           0           -33.348     529.009     
0           0           0           371.948     0           0           528.715     0           
0           0           0           0           0           0           528.582     0           
0           0           0           0           0           0           529.539     0           
0           0           0           0           0           0           530.346     0           
0           0           0           0           0           0           528.73      0           
0           0           0           0           0           0           529.377     0           
0           0           0           0           0           0           529.542     0           
0           0           0           0           0           0           529.526     0           
0           0           0           0           0           0           527.974     0           
0           0           0           0           0           0           526.39      0           
0           0           0           0           0           0           511.696     0           
0           0           0           0           0           0           506.236     0           
0           0           0           0           0           0           493.909     0           
0           0           0           0           0           0           436.955     0           
0           0           0           0           0           0           436.381     0           
0           0           0           0           0           0           481.096     0           

0           0           0           517.608     0           0           0           531.364     
0           0           0           489.499     0           0           526.98      0           
0           0           0           463.453     0           0           526.257     0           
0           0           0           415.434     0           0           529.713     0           
0           0           0           0           0           0           528.743     0           
0           0           0           0           0           0           527.138     0           
0           0           0           0           0           0           529.364     0           
0           0           0           0           0           0           531.114     0           
0           0           0           0           0           0           529.939     0           
0           0           0           0           0           0           529.67      0           
0           0           0           0           0           0           529.867     0           
0           0           0           0           0           0           530.26      0           
0           0           0           0           0           0           488.256     0           
0           0           0           0           0           0           506.9       0           
0           0           0           0           0           0           482.538     0           
0           0           0           0           0           0           342.654     0           
0           0           0           0           0           0           446.92      0           
0           0           0           0           0           0           516.793     0           

0           0           0           511.509     0           0           0           531.057     
0           0           0           505.572     0           0           526.793     0           
0           0           0           455.217     0           0           529.386     0           
0           0           0           369.3       0           0           526.036     0           
0           0           0           0           0           0           529.174     0           
0           0           0           0           0           0           -473.362    530.203     
0           0           0           0           0           0           529.576     0           
0           0           0           0           0           0           529.745     0           
0           0           0           0           0           0           528.922     0           
0           0           0           0           0           0           531.4       0           
0           0           0           0           0           0           529.502     0           
0           0           0           0           0           0           523.657     0           
0           0           0           0           0           0           497.392     0           
0           0           0           0           0           0           512.627     0           
0           0           0           0           0           0           466.707     0           
0           0           0           0           0           0           400.871     0           
0           0           0           0           0           0           350.397     0           
0           0           0           0           0           0           515.172     0           

0           0           0           443.467     0           0           0           525.311     
0           0           0           503.506     0           0           526.159     0           
0           0           0           453.902     0           0           524.287     0           
0           0           0           365.812     0           0           525.828     0           
0           0           0           0           0           0           526.496     0           
0           0           0           0           0           0           529.657     0           
0           0           0           0           0           0           528.018     0           
0           0           0           0           0           0           528.501     0           
0           0           0           0           0           0           529.185     0           
0           0           0           0           0           0           526.576     0           
0           0           0           0           0           0           531.053     0           
0           0           0           0           0           0           518.744     0           
0           0           0           0           0           0           477.919     0           
0           0           0           0           0           0           476.343     0           
0           0           0           0           0           0           463.526     0           
0           0           0           0           0           0           469.822     0           
0           0           0           0           0           0           429.242     0           
0           0           0           0           0           0           516.358     0           

0           0           0           514.706     0           0           0           521.607     
0           0           0           517.294     0           0           524.556     0           
0           0           0           489.841     0           0           523.097     0           
0           0           0           391.946     0           0           527.697     0           
0           0           0           0           0           0           526.366     0           
0           0           0           0           0           0           524.251     0           
0           0           0           0           0           0           525.257     0           
0           0           0           0           0           0           528.742     0           
0           0           0           0           0           0           529.585     0           
0           0           0           0           0           0           531.775     0           
0           0           0           0           0           0           532.503     0           
0           0           0           0           0           0           487.264     0           
0           0           0           0           0           0           518.527     0           
0           0           0           0           0           0           479.064     0           
0           0           0           0           0           0           472.11      0           
0           0           0           0           0           0           452.062     0           
0           0           0           0           0           0           437.55      0           
0           0           0           0           0           0           516.953     0           

0           0           0           510.833     0           0           0           518.173     
0           0           0           512.851     0           0           526.995     0           
0           0           0           476.86      0           0           522.601     0           
0           0           0           182.004     0           0           523.267     0           
0           0           0           0           0           0           526.879     0           
0           0           0           0           0           0           523.286     0           
0           0           0           0           0           0           523.452     0           
0           0           0           0           0           0           526.628     0           
0           0           0           0           0           0           527.873     0           
0           0           0           0           0           0           530.513     0           
0           0           0           0           0           0           532.341     0           
0           0           0           0           0           0           521.477     0           
0           0           0           0           0           0           527.767     0           
0           0           0           0           0           0           501.455     0           
0           0           0           0           0           0           491.674     0           
0           0           0           0           0           0           483.175     0           
0           0           0           0           0           0           446.619     0           
0           0           0           0           0           0           516.293     0           

0           0           0           502.993     0           0           0           525.29      
0           0           0           488.401     0           0           521.209     0           
0           0           0           348.384     0           0           520.467     0           
0           0           0           290.578     0           0           521.391     0           
0           0           0           0           0           0           523.029     0           
0           0           0           0           0           0           525.231     0           
0           0           0           0           0           0           523.406     0           
0           0           0           0           0           0           530.655     0           
0           0           0           0           0           0           529.388     0           
0           0           0           0           0           0           532.327     0           
0           0           0           0           0           0           532.879     0           
0           0           0           0           0           0           530.69      0           
0           0           0           0           0           0           514.132     0           
0           0           0           0           0           0           502.513     0           
0           0           0           0           0           0           509.51      0           
0           0           0           0           0           0           484.23      0           
0           0           0           0           0           0           474.647     0           
0           0           0           0           0           0           509.372     0           

0           0           0           514.8       0           0           0           520.055     
0           0           0           512.279     0           0           520.663     0           
0           0           0           500.073     0           0           522.316     0           
0           0           0           459.33      0           0           521.361     0           
0           0           0           0           0           0           523.924     0           
0           0           0           0           0           0           527.427     0           
0           0           0           0           0           0           528.056     0           
0           0           0           0           0           0           529.613     0           
0           0           0           0           0           0           531.653     0           
0           0           0           0           0           0           532.546     0           
0           0           0           0           0           0           531.009     0           
0           0           0           0           0           0           526.346     0           
0           0           0           0           0           0           524.852     0           
0           0           0           0           0           0           527.495     0           
0           0           0           0           0           0           492.625     0           
0           0           0           0           0           0           500.828     0           
0           0           0           0           0           0           486.484     0           
0           0           0           0           0           0           517.52      0           

0           0           0           509.806     0           0           0           521.885     
0           0           0           506.32      0           0           521.902     0           
0           0           0           489.899     0           0           520.62      0           
0           0           0           309.925     0           0           521.391     0           
0           0           0           0           0           0           523.212     0           
0           0           0           0           0           0           526.412     0           
0           0           0           0           0           0           524.912     0           
0           0           0           0           0           0           530.015     0           
0           0           0           0           0           0           532.619     0           
0           0           0           0           0           0           529.382     0           
0           0           0           0           0           0           531.59      0           
0           0           0           0           0           0           519.428     0           
0           0           0           0           0           0           513.912     0           
0           0           0           0           0           0           509.017     0           
0           0           0           0           0           0           515.186     0           
0           0           0           0           0           0           523.585     0           
0           0           0           0           0           0           478.66      0           
0           0           0           0           0           0           517.52      0           

0           0           0           515.399     0           0           0           522.886     
0           0           0           495.995     0           0           524.004     0           
0           0           0           477.226     0           0           523.271     0           
0           0           0           438.972     0           0           523.854     0           
0           0           0           0           0           0           526.33      0           
0           0           0           0           0           0           524.589     0           
0           0           0           0           0           0           530.561     0           
0           0           0           0           0           0           532.17      0           
0           0           0           0           0           0           530.88      0           
0           0           0           0           0           0           530.34      0           
0           0           0           0           0           0           531.196     0           
0           0           0           0           0           0           523.624     0           
0           0           0           0           0           0           525.71      0           
0           0           0           0           0           0           507.12      0           
0           0           0           0           0           0           524.319     0           
0           0           0           0           0           0           520.834     0           
0           0           0           0           0           0           487.605     0           
0           0           0           0           0           0           516.914     0           

0           0           0           495.556     0           0           0           521.851     
0           0           0           484.366     0           0           521.65      0           
0           0           0           492.149     0           0           524.02      0           
0           0           0           350.398     0           0           519.446     0           
0           0           0           0           0           0           524.483     0           
0           0           0           0           0           0           529.499     0           
0           0           0           0           0           0           529.27      0           
0           0           0           0           0           0           526.047     0           
0           0           0           0           0           0           527.88      0           
0           0           0           0           0           0           531.407     0           
0           0           0           0           0           0           530.231     0           
0           0           0           0           0           0           526.99      0           
0           0           0           0           0           0           500.034     0           
0           0           0           0           0           0           519.072     0           
0           0           0           0           0           0           518.267     0           
0           0           0           0           0           0           502.012     0           
0           0           0           0           0           0           511.289     0           
0           0           0           0           0           0           517.792     0           

0           0           0           424.171     0           0           0           524.568     
0           0           0           482.019     0           0           524.161     0           
0           0           0           431.509     0           0           523.174     0           
0           0           0           416.858     0           0           520.972     0           
0           0           0           0           0           0           525.153     0           
0           0           0           0           0           0           525.545     0           
0           0           0           0           0           0           525.98      0           
0           0           0           0           0           0           523.567     0           
0           0           0           0           0           0           530.622     0           
0           0           0           0           0           0           531.781     0           
0           0           0           0           0           0           529.797     0           
0           0           0           0           0           0           525.052     0           
0           0           0           0           0           0           530.378     0           
0           0           0           0           0           0           514.199     0           
0           0           0           0           0           0           509.809     0           
0           0           0           0           0           0           516.3       0           
0           0           0           0           0           0           494.554     0           
0           0           0           0           0           0           499.995     0           

0           0           0           499.219     0           0           0           523.102     
0           0           0           511.868     0           0           525.333     0           
0           0           0           363.077     0           0           525.107     0           
0           0           0           404.89      0           0           525.968     0           
0           0           0           0           0           0           523.966     0           
0           0           0           0           0           0           526.226     0           
0           0           0           0           0           0           527.45      0           
0           0           0           0           0           0           524.266     0           
0           0           0           0           0           0           529.442     0           
0           0           0           0           0           0           529.418     0           
0           0           0           0           0           0           528.489     0           
0           0           0           0           0           0           524.029     0           
0           0           0           0           0           0           518.651     0           
0           0           0           0           0           0           523.225     0           
0           0           0           0           0           0           524.998     0           
0           0           0           0           0           0           515.529     0           
0           0           0           0           0           0           519.001     0           
0           0           0           0           0           0           270.579     0           

0           0           0           437.903     0           0           0           520.618     
0           0           0           439.912     0           0           524.43      0           
0           0           0           241.341     0           0           524.685     0           
0           0           0           447.72      0           0           524.942     0           
0           0           0           0           0           0           523.822     0           
0           0           0           0           0           0           525.686     0           
0           0           0           0           0           0           521.41      0           
0           0           0           0           0           0           531.134     0           
0           0           0           0           0           0           527.646     0           
0           0           0           0           0           0           528.978     0           
0           0           0           0           0           0           525.924     0           
0           0           0           0           0           0           525.298     0           
0           0           0           0           0           0           527.818     0           
0           0           0           0           0           0           521.145     0           
0           0           0           0           0           0           517.183     0           
0           0           0           0           0           0           521.778     0           
0           0           0           0           0           0           517.88      0           
0           0           0           0           0           0           270.584     0           

0           0           0           351.244     0           0           0           523.868     
0           0           0           477.086     0           0           522.539     0           
0           0           0           224.456     0           0           519.453     0           
0           0           0           0           0           0           518.323     0           
0           0           0           0           0           0           525.537     0           
0           0           0           0           0           0           529.055     0           
0           0           0           0           0           0           527.245     0           
0           0           0           0           0           0           527.036     0           
0           0           0           0           0           0           526.733     0           
0           0           0           0           0           0           527.365     0           
0           0           0           0           0           0           528.705     0           
0           0           0           0           0           0           521.136     0           
0           0           0           0           0           0           516.925     0           
0           0           0           0           0           0           527.357     0           
0           0           0           0           0           0           525.732     0           
0           0           0           0           0           0           521.364     0           
0           0           0           0           0           0           517.38      0           
0           0           0           0           0           0           269.068     0           

0           0           0           450.567     0           0           0           520.262     
0           0           0           352.874     0           0           522.496     0           
0           0           0           405.649     0           0           518.337     0           
0           0           0           251.246     0           0           523.35      0           
0           0           0           0           0           0           523.607     0           
0           0           0           0           0           0           520.877     0           
0           0           0           0           0           0           523.211     0           
0           0           0           0           0           0           526.643     0           
0           0           0           0           0           0           526.211     0           
0           0           0           0           0           0           524.875     0           
0           0           0           0           0           0           527.335     0           
0           0           0           0           0           0           522.755     0           
0           0           0           0           0           0           526.862     0           
0           0           0           0           0           0           523.239     0           
0           0           0           0           0           0           524.928     0           
0           0           0           0           0           0           528.191     0           
0           0           0           0           0           0           521.33      0           
0           0           0           0           0           0           196.342     0           

0           0           0           230.676     0           0           0           528.143     
0           0           0           306.648     0           0           520.431     0           
0           0           0           368.119     0           0           521.729     0           
0           0           0           354.106     0           0           522.346     0           
0           0           0           0           0           0           518.397     0           
0           0           0           0           0           0           521.268     0           
0           0           0           0           0           0           523.926     0           
0           0           0           0           0           0           524.908     0           
0           0           0           0           0           0           524.228     0           
0           0           0           0           0           0           523.747     0           
0           0           0           0           0           0           523.477     0           
0           0           0           0           0           0           524.719     0           
0           0           0           0           0           0           526.969     0           
0           0           0           0           0           0           517.223     0           
0           0           0           0           0           0           514.602     0           
0           0           0           0           0           0           519.102     0           
0           0           0           0           0           0           525.519     0           
0           0           0           0           0           0           501.982     0           

0           0           0           234.25      0           0           0           521.709     
0           0           0           5.90476     0           0           519.159     0           
0           0           0           0           0           0           520.536     0           
0           0           0           0           0           0           519.139     0           
0           0           0           0           0           0           521.968     0           
0           0           0           0           0           0           520.521     0           
0           0           0           0           0           0           521.016     0           
0           0           0           0           0           0           523.016     0           
0           0           0           0           0           0           520.539     0           
0           0           0           0           0           0           521.996     0           
0           0           0           0           0           0           515.982     0           
0           0           0           0           0           0           522.99      0           
0           0           0           0           0           0           524.153     0           
0           0           0           0           0           0           519.129     0           
0           0           0           0           0           0           526.003     0           
0           0           0           0           0           0           522.439     0           
0           0           0           0           0           0           521.702     0           
0           0           0           0           0           0           490.682     0           

0           0           0           48.4485     0           0           0           520.111     
0           0           0           0           0           0           520.736     0           
0           0           0           0           0           0           516.777     0           
0           0           0           0           0           0           518.248     0           
0           0           0           0           0           0           517.415     0           
0           0           0           0           0           0           518.481     0           
0           0           0           0           0           0           521.98      0           
0           0           0           0           0           0           518.52      0           
0           0           0           0           0           0           519.035     0           
0           0           0           0           0           0           518.507     0           
0           0           0           0           0           0           520.51      0           
0           0           0           0           0           0           516.955     0           
0           0           0           0           0           0           515.374     0           
0           0           0           0           0           0           520.223     0           
0           0           0           0           0           0           521.135     0           
0           0           0           0           0           0           523.529     0           
0           0           0           0           0           0           521.717     0           
0           0           0           0           0           0           490.698     0           

0           0           0           0           0           0           0           525.504     
0           0           0           0           0           0           518.132     0           
0           0           0           0           0           0           518.265     0           
0           0           0           0           0           0           520.533     0           
0           0           0           0           0           0           518.285     0           
0           0           0           0           0           0           520.797     0           
0           0           0           0           0           0           518.685     0           
0           0           0           0           0           0           521.567     0           
0           0           0           0           0           0           521.911     0           
0           0           0           0           0           0           520.315     0           
0           0           0           0           0           0           520.027     0           
0           0           0           0           0           0           518.475     0           
0           0           0           0           0           0           521.746     0           
0           0           0           0           0           0           514.65      0           
0           0           0           0           0           0           518.999     0           
0           0           0           0           0           0           516.876     0           
0           0           0           0           0           0           521.239     0           
0           0           0           0           0           0           510.482     0           

0           0           0           0           0           0           0           519.129     
0           0           0           0           0           0           520.79      0           
0           0           0           0           0           0           519.466     0           
0           0           0           0           0           0           518.419     0           
0           0           0           0           0           0           518.176     0           
0           0           0           0           0           0           518.558     0           
0           0           0           0           0           0           518.871     0           
0           0           0           0           0           0           521.29      0           
0           0           0           0           0           0           511.593     0           
0           0           0           0           0           0           518.641     0           
0           0           0           0           0           0           518.517     0           
0           0           0           0           0           0           518.261     0           
0           0           0           0           0           0           513.043     0           
0           0           0           0           0           0           515.075     0           
0           0           0           0           0           0           515.831     0           
0           0           0           0           0           0           514.48      0           
0           0           0           0           0           0           522.663     0           
0           0           0           0           0           0           510.416     0           

0           0           0           0           0           0           0           524.185     
0           0           0           0           0           0           519.267     0           
0           0           0           0           0           0           520.814     0           
0           0           0           0           0           0           516.42      0           
0           0           0           0           0           0           518.433     0           
0           0           0           0           0           0           516.43      0           
0           0           0           0           0           0           516.233     0           
0           0           0           0           0           0           519.417     0           
0           0           0           0           0           0           518.289     0           
0           0           0           0           0           0           515.065     0           
0           0           0           0           0           0           512.36      0           
0           0           0           0           0           0           518.972     0           
0           0           0           0           0           0           517.489     0           
0           0           0           0           0           0           515.058     0           
0           0           0           0           0           0           512.153     0           
0           0           0           0           0           0           505.616     0           
0           0           0           0           0           0           516.102     0           
0           0           0           0           0           0           509.061     0           

0           0           0           0           0           0           0           524.254     
0           0           0           0           0           0           515.801     0           
0           0           0           0           0           0           518.077     0           
0           0           0           0           0           0           520.883     0           
0           0           0           0           0           0           513.901     0           
0           0           0           0           0           0           515.352     0           
0           0           0           0           0           0           515.74      0           
0           0           0           0           0           0           512.277     0           
0           0           0           0           0           0           519.268     0           
0           0           0           0           0           0           516.354     0           
0           0           0           0           0           0           516.011     0           
0           0           0           0           0           0           508.39      0           
0           0           0           0           0           0           515.25      0           
0           0           0           0           0           0           514.471     0           
0           0           0           0           0           0           506.58      0           
0           0           0           0           0           0           509.515     0           
0           0           0           0           0           0           521.118     0           
0           0           0           0           0           0           509.059     0           

0           0           0           0           0           0           0           523.424     
0           0           0           0           0           0           515.067     0           
0           0           0           0           0           0           513.378     0           
0           0           0           0           0           0           516.332     0           
0           0           0           0           0           0           519.388     0           
0           0           0           0           0           0           517.431     0           
0           0           0           0           0           0           505.954     0           
0           0           0           0           0           0           511.025     0           
0           0           0           0           0           0           516.046     0           
0           0           0           0           0           0           514.597     0           
0           0           0           0           0           0           514.221     0           
0           0           0           0           0           0           510.03      0           
0           0           0           0           0           0           506.018     0           
0           0           0           0           0           0           509.73      0           
0           0           0           0           0           0           512.18      0           
0           0           0           0           0           0           510.033     0           
0           0           0           0           0           0           522.093     0           
0           0           0           0           0           0           509.059     0           

0           0           0           0           0           0           0           517.727     
0           0           0           0           0           0           512.04      0           
0           0           0           0           0           0           508.634     0           
0           0           0           0           0           0           509.591     0           
0           0           0           0           0           0           515.777     0           
0           0           0           0           0           0           515.007     0           
0           0           0           0           0           0           506.112     0           
0           0           0           0           0           0           505.178     0           
0           0           0           0           0           0           509.774     0           
0           0           0           0           0           0           507.439     0           
0           0           0           0           0           0           513.818     0           
0           0           0           0           0           0           513.016     0           
0           0           0           0           0           0           506.777     0           
0           0           0           0           0           0           500.233     0           
0           0           0           0           0           0           506.17      0           
0           0           0           0           0           0           505.482     0           
0           0           0           0           0           0           525.291     0           
0           0           0           0           0           0           509.059     0           

0           0           0           0           0           0           0           483.291     
0           0           0           0           0           0           0.7         0           
0           0           0           0           0           0           1.19        0           
0           0           0           0           0           0           0           0           
0           0           0           0           0           0           0.7         0           
0           0           0           0           0           0           77.1415     0           
0           0           0           0           0           0           59.9059     0           
0           0           0           0           0           0           254.624     0           
0           0           0           0           0           0           3.61942     0           
0           0           0           0           0           0           217.568     0           
0           0           0           0           0           0           199.533     0           
0           0           0           0           0           0           457.293     0           
0           0           0           0           0           0           12.6286     0           
0           0           0           0           0           0           321.893     0           
0           0           0           0           0           0           263.517     0           
0           0           0           0           0           0           203.843     0           
0           0           0           0           0           0           415.481     0           
0           0           0           0           0           0           166.605     0           

0           0           0           0           0           0           0           0           
0           0           0           0           0           0           0           0           
0           0           0           0           0           0           0           0           
0           0           0           0           0           0           0.7         0           
0           0           0           0           0           0           0.91        0           
0           0           0           0           0           0           1.8011      0           
0           0           0           0           0           0           3.04787     0           
0           0           0           0           0           0           1.8599      0           
0           0           0           0           0           0           5.11511     0           
0           0           0           0           0           0           0.7         0           
0           0           0           0           0           0           3.69063     0           
0           0           0           0           0           0           5.28257     0           
0           0           0           0           0           0           161.723     0           
0           0           0           0           0           0           124.027     0           
0           0           0           0           0           0           0           0           
0           0           0           0           0           0           5.33897     0           
0           0           0           0           0           0           339.165     0           
0           0           0           0           0           0           149.313     0           

0           0           0           0           0           0           0           0           
0           0           0           0           0           0           0.7         0           
0           0           0           0           0           0           2.74946     0           
0           0           0           0           0           0           0.7         0           
0           0           0           0           0           0           2.85124     0           
0           0           0           0           0           0           0.7         0           
0           0           0           0           0           0           6.10585     0           
0           0           0           0           0           0           2.037       0           
0           0           0           0           0           0           5.32242     0           
0           0           0           0           0           0           1.953       0           
0           0           0           0           0           0           5.1017      0           
0           0           0           0           0           0           1.61        0           
0           0           0           0           0           0           0.7         0           
0           0           0           0           0           0           1.876       0           
0           0           0           0           0           0           15.8136     0           
0           0           0           0           0           0           160.66      0           
0           0           0           0           0           0           163.742     0           
0           0           0           0           0           0           4.15042     0           

0           0           0           0           0           0           0           2.32354     
0           0           0           0           0           0           3.105       0           
0           0           0           0           0           0           1.98023     0           
0           0           0           0           0           0           4.11863     0           
0           0           0           0           0           0           2.4335      0           
0           0           0           0           0           0           3.98287     0           
0           0           0           0           0           0           3.64294     0           
0           0           0           0           0           0           3.44535     0           
0           0           0           0           0           0           5.23302     0           
0           0           0           0           0           0           1.89        0           
0           0           0           0           0           0           1.6541      0           
0           0           0           0           0           0           6.37063     0           
0           0           0           0           0           0           4.41096     0           
0           0           0           0           0           0           11.0162     0           
0           0           0           0           0           0           6.58798     0           
0           0           0           0           0           0           7.29867     0           
0           0           0           0           0           0           150.817     0           
0           0           0           0           0           0           1.94512     0           


